n=500       |Int                 |Long                |Double              |Decimal             
------------------------------------------------------------------------------------------------
+           |0,1612              |0,1328              |0,1324              |0,254               
-           |0,1235              |0,1304              |0,1236              |0,251               
++Prefix    |0,1182              |0,124               |0,1288              |0,2276              
++Postfix   |0,1241              |0,1382              |0,1293              |0,2095              
+=          |0,1137              |0,1354              |0,1686              |0,2691              
*           |0,1421              |0,1554              |0,1182              |0,3944              
/           |0,126               |0,1401              |0,1246              |0,6926              
Math.Sqrt() |0                   |0                   |0,1729              |0,5098              
Math.Log()  |0                   |0                   |0,2023              |0,5317              
Math.Sin()  |0                   |0                   |0,2349              |0,5629              
------------------------------------------------------------------------------------------------

n=500       |Int                 |Long                |Double              |Decimal             
------------------------------------------------------------------------------------------------
+           |0,0048              |0,0048              |0,0044              |0,02                
-           |0,0048              |0,0048              |0,0044              |0,0195              
++Prefix    |0,0048              |0,0048              |0,0068              |0,0205              
++Postfix   |0,0073              |0,0053              |0,0063              |0,0205              
+=          |0,0048              |0,0044              |0,0044              |0,0185              
*           |0,0048              |0,0044              |0,0044              |0,0215              
/           |0,0048              |0,0068              |0,0044              |0,106               
Math.Sqrt() |0                   |0                   |0,0097              |0,0743              
Math.Log()  |0                   |0                   |0,0176              |0,084               
Math.Sin()  |0                   |0                   |0,0249              |0,0889              
------------------------------------------------------------------------------------------------

n=500       |Int                 |Long                |Double              |Decimal             
------------------------------------------------------------------------------------------------
+           |0,0039              |0,0039              |0,0039              |0,0195              
-           |0,0039              |0,0044              |0,0039              |0,019               
++Prefix    |0,0039              |0,0044              |0,0058              |0,02                
++Postfix   |0,0039              |0,0044              |0,0058              |0,0195              
+=          |0,0039              |0,0044              |0,0044              |0,018               
*           |0,0039              |0,0044              |0,0039              |0,021               
/           |0,0039              |0,0063              |0,0039              |0,1051              
Math.Sqrt() |0                   |0                   |0,0088              |0,0733              
Math.Log()  |0                   |0                   |0,0171              |0,0831              
Math.Sin()  |0                   |0                   |0,0244              |0,0875              
------------------------------------------------------------------------------------------------

n=500       |Int                 |Long                |Double              |Decimal             
------------------------------------------------------------------------------------------------
+           |0,0039              |0,0044              |0,0044              |0,0195              
-           |0,0044              |0,0044              |0,0039              |0,019               
++Prefix    |0,0039              |0,0044              |0,0058              |0,0195              
++Postfix   |0,0039              |0,0044              |0,0058              |0,0195              
+=          |0,0039              |0,0044              |0,0039              |0,0176              
*           |0,0044              |0,0044              |0,0039              |0,021               
/           |0,0044              |0,0063              |0,0039              |0,1046              
Math.Sqrt() |0                   |0                   |0,0088              |0,0738              
Math.Log()  |0                   |0                   |0,0166              |0,0831              
Math.Sin()  |0                   |0                   |0,0239              |0,0884              
------------------------------------------------------------------------------------------------

n=500       |Int                 |Long                |Double              |Decimal             
------------------------------------------------------------------------------------------------
+           |0,0039              |0,0044              |0,0039              |0,0195              
-           |0,0044              |0,0044              |0,0039              |0,0185              
++Prefix    |0,0044              |0,0044              |0,0063              |0,0195              
++Postfix   |0,0044              |0,0044              |0,0058              |0,0195              
+=          |0,0039              |0,0039              |0,0039              |0,018               
*           |0,0039              |0,0039              |0,0039              |0,0205              
/           |0,0044              |0,0063              |0,0039              |0,1041              
Math.Sqrt() |0                   |0                   |0,0088              |0,0738              
Math.Log()  |0                   |0                   |0,0166              |0,0831              
Math.Sin()  |0                   |0                   |0,0239              |0,0884              
------------------------------------------------------------------------------------------------

Average     |Int                 |Long                |Double              |Decimal             
------------------------------------------------------------------------------------------------
+           |0,03224             |0,02656             |0,02648             |0,0508              
-           |0,0247              |0,02608             |0,02472             |0,0502              
++Prefix    |0,02364             |0,0248              |0,02576             |0,04552             
++Postfix   |0,02482             |0,02764             |0,02586             |0,0419              
+=          |0,02274             |0,02708             |0,03372             |0,05382             
*           |0,02842             |0,03108             |0,02364             |0,07888             
/           |0,0252              |0,02802             |0,02492             |0,13852             
Math.Sqrt() |0                   |0                   |0,03458             |0,10196             
Math.Log()  |0                   |0                   |0,04046             |0,10634             
Math.Sin()  |0                   |0                   |0,04698             |0,11258             
------------------------------------------------------------------------------------------------

